52
000 2.38688325716121 -2.40609820638272 
001 5.43858469074785 0.996520428498516
002 8.04984567848891 1.67134243933216
003 -3.08523174325973 10.4026462187613
004 -9.76386557261988 28.0526752705487
005 -21.6402696604477 23.7786391938421
006 -24.6508512575052 31.5104594316046
007 -26.9059100061733 38.1082995316654
008 -29.7283244723258 45.8976293302749
009 -21.4137239143579 48.6484877822204
010 -0.197044504253541 18.831665227876
011 4.73385226826068 20.2671726069638
012 -3.25164350090992 26.7900783099577
013 1.22821074635387 31.9387045146714
014 -2.37059333549959 42.426527704035
015 -6.14913193352538 39.2893054911532
016 -13.5525589074939 35.1092235423288
017 -16.0880295968485 42.0504843948531
018 -11.0109219447006 44.697256270653
019 -14.8085110142069 50.0836296898106
020 -6.24411072433622 53.5124200285843
021 -5.52283803322127 -1.21179634173664
022 -9.83082595980642 -4.41444329071224
023 -8.87680692839186 -6.28264858706664
024 -3.0203266272603 -6.82969615115132
025 1.12198887192469 -6.10614325458991
026 2.79756799150456 8.91531384610836
027 -20.1295049946375 20.8619393628404
028 -14.3846724374887 22.2265904484465
029 -12.1389451758379 24.8456194485013
030 -16.834790417098 18.22626865506
031 -17.6488981001633 28.7277583418632
032 -24.3831855200639 27.1318982663571S
033 -11.3804247209133 14.231671528992
034 -15.0855284954967 13.8155233467377
035 -13.4022734605077 28.8319762025389
036 -13.3953005993322 28.833655695274
037 -14.3900301108892 11.7959581481342
038 -10.225579194131 6.61609284538266
039 -7.87226350705775 6.94375592441349
040 -11.2049977758289 10.3279669691985
041 -10.4447354543114 2.23959747229895
042 -10.6727148633331 -0.0759442683573077
043 -13.8335660080464 1.25923659159038
044 -6.46947088007359 1.89437160816528
045 -6.44873547480494 -1.94188872535752
046 -9.58100851715148 -3.42235924673511
087 -1.00370039364732 55.4570914633088  
088 3.46609585640282 56.8107935430838
089 1.9152548595109 60.4164140898035
090 -2.02615640934546 58.5698444853922
091 1.18053564308796 52.2861201181164
