19
067 -20.1295049946375 20.8619393628404
068 -14.3846724374887 22.2265904484465
069 -12.1389451758379 24.8456194485013
070 -16.834790417098 18.22626865506
071 -17.6488981001633 28.7277583418632
072 -24.3831855200639 27.1318982663571S
073 -11.3804247209133 14.231671528992
074 -15.0855284954967 13.8155233467377
075 -13.4022734605077 28.8319762025389
076 -13.3953005993322 28.833655695274
077 -14.3900301108892 11.7959581481342
078 -10.225579194131 6.61609284538266
079 -7.87226350705775 6.94375592441349
080 -11.2049977758289 10.3279669691985
081 -10.4447354543114 2.23959747229895
082 -10.6727148633331 -0.0759442683573077
083 -13.8335660080464 1.25923659159038
084 -6.46947088007359 1.89437160816528
085 -6.44873547480494 -1.94188872535752
086 -9.58100851715148 -3.42235924673511
