1.10769209830536 31.3190192109824 
10.1158913747991 34.2840453969293
9.90602063559972 40.8508810058659 
5.42016419227091 35.9560778296524 
17.8469960561523 41.3246328874186 
3.38882752598883 24.0318864138395
6.13899965701772 15.2317352331223 
10.3538460558246 3.50965495061448 
-3.28295505127407 9.64105361895086 
-6.3515796181298 18.3858094065983 
-9.67443960010307 27.9398598244781 
-15.7841942050622 25.7273201447464
-17.1382711735758 28.8368839196549 
-22.9698613130592 28.5422858269349 
-23.7276045883263 32.7399493978626 
-18.7833700093161 34.0708510825697 
-15.5527781959789 35.472608592909 
-14.1033517327899 29.9367606490909 
-18.9518610450482 25.2505211679153 
-14.8342832828103 23.281195572661 
-18.3924556479418 16.8340241514299 
-13.9922545905521 20.6941699748796 
-12.3940760640844 15.5285444613359 
-9.85234383243105 16.6394203286685
-8.8704378789726 14.0365107387098