027 1.10769209830536 31.3190192109824 
028 10.1158913747991 34.2840453969293
029 9.90602063559972 40.8508810058659 
030 5.42016419227091 35.9560778296524 
031 17.8469960561523 41.3246328874186 
032 3.38882752598883 24.0318864138395
033 6.13899965701772 15.2317352331223 
034 10.3538460558246 3.50965495061448 
035 -3.28295505127407 9.64105361895086 
036 -6.3515796181298 18.3858094065983 
037 -9.67443960010307 27.9398598244781 
038 -15.7841942050622 25.7273201447464
039 -17.1382711735758 28.8368839196549 
040 -22.9698613130592 28.5422858269349 
041 -23.7276045883263 32.7399493978626 
042 -18.7833700093161 34.0708510825697 
043 -15.5527781959789 35.472608592909 
044 -14.1033517327899 29.9367606490909 
045 -18.9518610450482 25.2505211679153 
046 -14.8342832828103 23.281195572661 
047 -18.3924556479418 16.8340241514299 
048 -13.9922545905521 20.6941699748796 
049 -12.3940760640844 15.5285444613359 
050 -9.85234383243105 16.6394203286685
051 -8.8704378789726 14.0365107387098
052 -12.104786244688 12.8221701575664
053 -15.8697332658315 13.1413599100144
054 -10.5061162717917 8.60002201837134
055 -6.93715308589394 8.28085387928703
056 -9.92139188009147 7.14490284323617
057 -14.0905554087557 4.23308158023877
058 -8.19717558886757 1.29412688783358
059 -5.54477746260919 3.76672050937106
060 -11.4070108488234 -0.527694980208361
061 -6.46098239504747 -1.18938443969499
062 -4.20525606933644 -3.89646056581405
063 -9.36364745344165 -5.98913247665775
064 -10.8611675282317 31.4498029895435
065 -12.690263536237 37.6550987963658
066 -2.17103160344637 41.4458957244314
067 0.236673745338956 34.6443743778021
068 0 2.22044604925031e-016 8.88178419700125e-016
069 4.36823560589159 -2.86151215162799
070 7.10583680575223 -9.64241656450929
071 8.88614424089467 -15.9501977470347
072 12.6265240712697 -14.8804978575265
073 10.5219065658881 -17.9924878527529
074 2.04648587839412 -8.78120987754562
075 3.09786653914548 -11.8643199682871
076 4.98426673731434 -17.5646111372642
077 6.67783155886424 -22.5542039826556
078 0.376845067225938 -14.9855528810633
079 -7.69878109223616 -15.0709130484805
080 1.31273733007962 -24.3579408682546
081 2.17087603781949 -27.5242081371784
082 12.218615808684 -20.8099669887349
083 18.3741798665883 -18.8343816102714
084 21.1708201998659 -18.1213315346535
085 16.5231386018111 -12.7534353824596
086 19.0115999275486 -11.9220507494666
092 18.0604707020743 -7.59720177719769
093 24.2954710426316 -1.44196546084667
094 28.8034488864855 0.0835615456078458
095 31.2591967709242 -8.00739878635473
096 33.5926427435201 -15.1581104259952
097 28.0199050580891 -17.5357572934711
098 38.0899867492686 -5.6788366349834
099 39.1405109781832 -8.24572096384066 
100 43.784844925198 -6.87828729185086 
101 27.1292076616261 4.96982130823886
102 33.7233850741135 7.23636404300048
103 26.3949764461552 8.26950321367308
104 24.0242822535457 4.86385812793224
105 30.9019803158759 10.5368532287167
106 19.5149597626026 6.7579119198031
107 20.8698475391482 2.16816007890913
108 12.7509975319849 -1.43904364969322
000 0.0 0.0
000 0.0 0.0
000 0.0 0.0
